accuracy: 0.9994763731956482
roc_auc: 0.9998847921712681
precision: 0.998172403289674
recall: 1.0
f1: 0.9990853658536586
