accuracy: 0.9999127388000488
roc_auc: 0.9999993659653323
precision: 0.9996949359365467
recall: 1.0
f1: 0.9998474446987032
