accuracy: 0.9999127388000488
roc_auc: 0.999935030094642
precision: 0.9996949359365467
recall: 1.0
f1: 0.9998474446987032
