accuracy: 0.9998254776000977
roc_auc: 0.9999236920629376
precision: 0.9993900579444953
recall: 1.0
f1: 0.9996949359365467
